train_loss,train_acc,test_loss,test_acc,epoch
0.6168957334756852,0.8407166666666667,0.26981292140483853,0.9222,1
0.2660040278434753,0.9233166666666667,0.20014820362925528,0.9419,2
0.2044459888378779,0.9408666666666666,0.16169748768806458,0.9508,3
0.16483380706707637,0.9514833333333333,0.13517579838186503,0.958,4
0.1389049878180027,0.95865,0.1197899358972907,0.9628,5
0.11857200680573782,0.9642833333333334,0.1056471475660801,0.9677,6
0.10255448760688304,0.9694833333333334,0.09638213460408152,0.9694,7
0.08927641088863214,0.9736,0.0867888483390212,0.9737,8
0.07918196978370348,0.9763,0.081347365526855,0.9754,9
0.07040407621761163,0.97915,0.07630154710039497,0.9759,10
0.06314546807805697,0.98075,0.07134455013815313,0.9774,11
0.05586403296689192,0.9830666666666666,0.06837834122162312,0.9789,12
0.05041388731549184,0.9847833333333333,0.06879247443145141,0.9785,13
0.045861868147427834,0.9857333333333334,0.06528345330124721,0.9801,14
0.04152560056770841,0.98715,0.06146180808003992,0.98,15
0.03588220187301437,0.9892833333333333,0.06037616567667574,0.9808,16
0.03437279877364635,0.9897333333333334,0.0598632516981801,0.9811,17
0.030689649346843362,0.9914833333333334,0.060000210182415324,0.982,18
0.02875799971409142,0.9911,0.05607582898803521,0.9822,19
0.02663682575095445,0.992,0.05561229517762549,0.9822,20
0.023227635602342585,0.9930333333333333,0.05888168006173801,0.9825,21
0.021441860419201354,0.9936333333333334,0.05765245801294804,0.9827,22
0.018554165267044058,0.9948166666666667,0.061095701992535036,0.9811,23
0.01758999003234009,0.9948,0.05758794966210262,0.983,24
0.016201500055970004,0.9950166666666667,0.05914718825494056,0.9825,25
0.015213440763376032,0.9955333333333334,0.06104766964293085,0.9829,26
0.014661440291876594,0.9957333333333334,0.06099766634511179,0.983,27
0.012785360950681692,0.9962166666666666,0.05973362295458355,0.9828,28
0.0118148989116773,0.9966333333333334,0.06479946247027837,0.9825,29
0.011456225409312173,0.9966333333333334,0.0590929125087685,0.9824,30
0.010077889815896439,0.9972166666666666,0.062488632537907686,0.9823,31
0.009667024031591913,0.99715,0.06239591740413307,0.9828,32
0.00868982625307981,0.9974,0.062397171963151775,0.9835,33
0.008883377680516181,0.9973833333333333,0.06406625416111202,0.9824,34
0.007654097816099723,0.99785,0.06521508026906231,0.9831,35
