train_loss,train_acc,test_loss,test_acc,epoch
0.38032115437984465,0.88975,0.15106066401004792,0.9547,1
0.14977296896775563,0.9546833333333333,0.10106101999729872,0.9693,2
0.1078719962755839,0.96715,0.08366691801548004,0.9731,3
0.08363595177928607,0.97395,0.0758564027208835,0.9762,4
0.07034738288323085,0.9781166666666666,0.07287396453013643,0.9775,5
0.0585057707965374,0.9813666666666667,0.07218576931394637,0.9782,6
0.05320690656999747,0.9824833333333334,0.07094945489279926,0.9804,7
0.04439914945662022,0.9861,0.07241583798243664,0.9783,8
0.04219145025163889,0.9860666666666666,0.061498863831628114,0.9816,9
0.03497157917867104,0.9887666666666667,0.06305776736323897,0.9828,10
0.03581260246237119,0.9887,0.062172289284400176,0.9821,11
0.030657525507857403,0.9893833333333333,0.06703085266135167,0.9817,12
0.029365239759286246,0.9904333333333334,0.06769029765537707,0.9827,13
0.02635650129839778,0.9906333333333334,0.06589882606131724,0.9818,14
0.025076687544956802,0.9915833333333334,0.06530023152140785,0.9826,15
