train_loss,train_acc,test_loss,test_acc,epoch
0.28592012725671134,0.9241666666666667,0.10803534551262856,0.9664,1
0.12128098858197531,0.9641166666666666,0.08810553316399455,0.9737,2
0.09430844835042954,0.9706,0.07727314188554883,0.976,3
0.0736449273566405,0.9775,0.06666707767508924,0.9794,4
0.0648474534869194,0.9788666666666667,0.06406426283055916,0.9801,5
0.05740457897782326,0.98135,0.06287882681721821,0.9797,6
0.050164885658025744,0.98335,0.05874226438887417,0.9822,7
0.04420116305947304,0.9856666666666667,0.05666413957446348,0.983,8
0.04173960812687874,0.9868666666666667,0.060675496948033106,0.9826,9
0.03937211074084043,0.9867166666666667,0.05911431435442064,0.9819,10
0.03380518061965704,0.9882833333333333,0.058886852063937116,0.9817,11
0.031764529488732415,0.9889666666666667,0.05449076068873983,0.9832,12
0.03084663479179144,0.9898,0.05771972732826253,0.9833,13
0.029022637459884086,0.9897,0.06216286377653596,0.9831,14
0.02770042929251989,0.9910833333333333,0.06173859772840515,0.983,15
